318
401
329
290
418
114
416
49
213
214
243
88
444
421
319
412
113
238
427
292
380
399
169
462
496
456
354
195
475
497
266
489
94
137
200
405
81
495
152
208
33
207
471
383
344
131
486
359
111
147
436
452
437
199
28
295
246
448
198
56
430
413
457
115
387
97
366
450
451
91
84
192
409
189
378
188
216
469
135
323
431
404
257
265
240
484
385
180
17
388
219
258
334
45
25
174
72
134
100
101
69
332
203
104
356
43
479
7
136
468
117
309
260
263
220
138
53
352
68
277
494
209
155
381
2
271
175
411
414
310
62
364
408
60
42
481
65
302
110
324
300
120
353
76
328
392
283
4
187
125
168
162
476
367
123
148
77
298
316
491
21
163
253
44
423
317
325
403
132
218
143
306
386
279
221
40
463
464
384
293
345
347
343
264
488
350
27
255
89
256
340
330
445
149
301
438
73
133
99
472
157
371
249
470
129
284
420
391
289
10
179
186
50
197
122
67
369
272
250
454
446
191
389
313
202
170
327
297
146
483
287
108
126
397
29
74
64
417
48
52
370
278
79
26
365
226
432
160
177
38
233
315
261
236
144
473
426
225
141
223
86
121
166
151
182
296
492
247
449
339
434
13
46
244
338
154
234
373
268
398
20
311
480
90
12
34
172
58
251
228
447
16
212
285
376
102
282
112
222
41
229
159
80
54
466
185
333
406
193
19
458
37
393
286
269
165
190
158
465
308
395
368
215
14
61
95
232
435
183
47
204
355
374
363
205
490
211
6
485
92
419
217
153
428
362
307
63
227
78
31
35
124
206
55
161
116
499
326
322
375
82
93
280
382
245
314
442
482
303
441
281
127
30
422
242
196
70
379
433
15
194
429
201
96
98
331
478
128
415
291
142
83
402
410
276
461
130
118
36
51
459
11
500
455
239
312
342
75
66
224
1
320
210
377
85
288
493
440
348
181
321
357
425
299
18
164
267
498
178
349
274
337
139
358
294
477
231
390
106
107
372
351
119
439
453
230
32
396
140
145
275
460
23
259
87
8
360
341
173
9
5
305
361
424
335
3
394
184
150
57
105
407
467
443
254
71
241
109
59
474
237
336
24
235
304
400
103
156
248
167
262
171
39
22
270
252
273
487
176